0
0
0
1
2
0.5
0.25
0.(3)
0.(1)
0.3(142857)
0.001953125
1.0000000000000001
0.495
0.495
-0.495
-0.495
2.(007874015748031496062992125984251968503937)
606061.5
1731.60(428571)
1.(857142)
100067596489453110254049.(28854229154169166166766646670665866826634673065386922615476904619076184763047390521895620875824835032993401319736052789442111577684463107378524295140971805638872225554889022195560887822435512897420515896820635872825434913017396520695860827834433113377324535092981403719256148770245950809838032393521295740851829634073185362927414517096580683863227354529094181163767246550689862027594481103779244151169766046790641871625674865026994601079784043191361727654469106178764247150569886022795440911817636472705458908218356328734253149370125974805038992201559688062387522495500899820035992801439712057588482303539292141571685662867426514697060587882423515296940611877624475104979004199160167966406718656268746250749850029994001199760047990401919616076784643071385722855428914217156568686262747450509898020395920815836832633473305338932213557)
100000000000000000000000000000000000000.5
0.00(0198)
0.0000000000000000000000(00000000000000000019999999999999999998)
0.001
