453748
951394
63542
471990
395396
856986
969818
237738
573694
638126
544068
147680
640578
552936
156152
383444
492672
356184
748148
199826
800434
23488
550860
57120
977758
841766
636590
748418
180934
758174
842472
119228
904318
367884
127752
417500
589614
951296
724834
3592
460154
72532
90644
832026
915010
395986
75766
702794
447124
728860
810232
725538
92474
170718
457424
207522
770408
690448
281250
982526
836604
964062
376532
726636
223984
236496
645864
243056
275154
743678
218046
155832
25012
294086
371646
103760
10352
899324
183350
733290
797408
397800
265658
839688
547826
254664
503534
588318
278170
312776
112974
543768
666832
574652
77110
914562
958510
979888
696714
110308
0
